1765517072000|2025-12-12 13:24:32|/api/doctors|1|0|1|0|200|0|0|1
1765517072000|2025-12-12 13:24:32|__total_inbound_traffic__|1|0|1|0|200|0|0|0
1765517076000|2025-12-12 13:24:36|/api/schedules/doctor/{doctorId}|2|0|2|0|67|0|0|1
1765517076000|2025-12-12 13:24:36|__total_inbound_traffic__|2|0|2|0|67|0|0|0
1765517078000|2025-12-12 13:24:38|/api/schedules/doctor/{doctorId}|1|0|1|0|17|0|0|1
1765517078000|2025-12-12 13:24:38|__total_inbound_traffic__|1|0|1|0|17|0|0|0
1765517080000|2025-12-12 13:24:40|/api/schedules/doctor/{doctorId}|2|0|2|0|23|0|0|1
1765517080000|2025-12-12 13:24:40|__total_inbound_traffic__|2|0|2|0|23|0|0|0
1765517108000|2025-12-12 13:25:08|/error|1|0|1|0|12|0|0|1
1765517108000|2025-12-12 13:25:08|__total_inbound_traffic__|1|0|1|0|12|0|0|0
1765517117000|2025-12-12 13:25:17|/error|1|0|1|0|14|0|0|1
1765517117000|2025-12-12 13:25:17|__total_inbound_traffic__|1|0|1|0|14|0|0|0
