1763562918000|2025-11-19 22:35:18|/api/auth/register|1|0|1|0|561|0|0|1
1763562918000|2025-11-19 22:35:18|register|1|0|1|0|490|0|0|0
1763562918000|2025-11-19 22:35:18|__total_inbound_traffic__|1|0|1|0|561|0|0|0
1763562929000|2025-11-19 22:35:29|getMyAppointments|1|0|1|0|19|0|0|0
1763562929000|2025-11-19 22:35:29|/api/appointments/my-appointments|1|0|1|0|34|0|0|1
1763562929000|2025-11-19 22:35:29|__total_inbound_traffic__|1|0|1|0|34|0|0|0
1763562933000|2025-11-19 22:35:33|/error|1|0|1|0|16|0|0|1
1763562933000|2025-11-19 22:35:33|__total_inbound_traffic__|1|0|1|0|16|0|0|0
1763562937000|2025-11-19 22:35:37|/api/appointments/{id}|1|0|1|0|30|0|0|1
1763562937000|2025-11-19 22:35:37|__total_inbound_traffic__|1|0|1|0|30|0|0|0
1763562952000|2025-11-19 22:35:52|/api/schedules/available|1|0|1|0|219|0|0|1
1763562952000|2025-11-19 22:35:52|__total_inbound_traffic__|1|0|1|0|219|0|0|0
1763562980000|2025-11-19 22:36:20|/api/departments|1|0|1|0|47|0|0|1
1763562980000|2025-11-19 22:36:20|__total_inbound_traffic__|1|0|1|0|47|0|0|0
1763562986000|2025-11-19 22:36:26|/api/doctors|1|0|1|0|46|0|0|1
1763562986000|2025-11-19 22:36:26|__total_inbound_traffic__|1|0|1|0|46|0|0|0
1763562991000|2025-11-19 22:36:31|/api/doctors|1|0|1|0|40|0|0|1
1763562991000|2025-11-19 22:36:31|__total_inbound_traffic__|1|0|1|0|40|0|0|0
1763563001000|2025-11-19 22:36:41|/api/schedules|1|0|1|0|355|0|0|1
1763563001000|2025-11-19 22:36:41|__total_inbound_traffic__|1|0|1|0|355|0|0|0
1763563006000|2025-11-19 22:36:46|/error|1|0|1|0|9|0|0|1
1763563006000|2025-11-19 22:36:46|__total_inbound_traffic__|1|0|1|0|9|0|0|0
1763563015000|2025-11-19 22:36:55|/**|1|0|1|0|17|0|0|1
1763563015000|2025-11-19 22:36:55|__total_inbound_traffic__|1|0|1|0|17|0|0|0
1763563023000|2025-11-19 22:37:03|/api/auth/register|1|0|1|0|250|0|0|1
1763563023000|2025-11-19 22:37:03|register|1|0|1|0|244|0|0|0
1763563023000|2025-11-19 22:37:03|__total_inbound_traffic__|1|0|1|0|250|0|0|0
1763563028000|2025-11-19 22:37:08|/api/appointments|1|0|0|0|0|0|0|1
1763563028000|2025-11-19 22:37:08|createAppointment|1|0|0|0|0|0|0|0
1763563028000|2025-11-19 22:37:08|__total_inbound_traffic__|1|0|0|0|0|0|0|0
1763563029000|2025-11-19 22:37:09|/api/appointments|0|0|1|0|118|0|0|1
1763563029000|2025-11-19 22:37:09|createAppointment|0|0|1|0|94|0|0|0
1763563029000|2025-11-19 22:37:09|__total_inbound_traffic__|0|0|1|0|118|0|0|0
1763563033000|2025-11-19 22:37:13|getMyAppointments|1|0|1|0|13|0|0|0
1763563033000|2025-11-19 22:37:13|/api/appointments/my-appointments|1|0|1|0|29|0|0|1
1763563033000|2025-11-19 22:37:13|__total_inbound_traffic__|1|0|1|0|29|0|0|0
1763563067000|2025-11-19 22:37:47|/error|1|0|0|0|0|0|0|1
1763563067000|2025-11-19 22:37:47|/**|4|0|4|0|9|0|0|1
1763563067000|2025-11-19 22:37:47|__total_inbound_traffic__|5|0|4|0|9|0|0|0
1763563068000|2025-11-19 22:37:48|/error|1|0|2|0|9|0|0|1
1763563068000|2025-11-19 22:37:48|__total_inbound_traffic__|1|0|2|0|9|0|0|0
1763563074000|2025-11-19 22:37:54|/error|1|0|1|0|6|0|0|1
1763563074000|2025-11-19 22:37:54|/api/doctors|1|0|1|0|9|0|0|1
1763563074000|2025-11-19 22:37:54|/**|8|0|8|0|7|0|0|1
1763563074000|2025-11-19 22:37:54|/|1|0|1|0|80|0|0|1
1763563074000|2025-11-19 22:37:54|/api/departments|1|0|1|0|27|0|0|1
1763563074000|2025-11-19 22:37:54|__total_inbound_traffic__|12|0|12|0|15|0|0|0
1763563081000|2025-11-19 22:38:01|/**|1|0|1|0|30|0|0|1
1763563081000|2025-11-19 22:38:01|__total_inbound_traffic__|1|0|1|0|30|0|0|0
1763563082000|2025-11-19 22:38:02|/error|3|0|3|0|3|0|0|1
1763563082000|2025-11-19 22:38:02|/**|3|0|3|0|13|0|0|1
1763563082000|2025-11-19 22:38:02|__total_inbound_traffic__|6|0|6|0|8|0|0|0
1763563105000|2025-11-19 22:38:25|/error|1|0|1|0|7|0|0|1
1763563105000|2025-11-19 22:38:25|/api/doctors|1|0|1|0|28|0|0|1
1763563105000|2025-11-19 22:38:25|/**|9|0|9|0|21|0|0|1
1763563105000|2025-11-19 22:38:25|/|1|0|1|0|22|0|0|1
1763563105000|2025-11-19 22:38:25|/api/departments|1|0|1|0|71|0|0|1
1763563105000|2025-11-19 22:38:25|__total_inbound_traffic__|13|0|13|0|24|0|0|0
1763563106000|2025-11-19 22:38:26|/error|1|0|1|0|4|0|0|1
1763563106000|2025-11-19 22:38:26|/api/doctors|1|0|1|0|59|0|0|1
1763563106000|2025-11-19 22:38:26|/**|7|0|7|0|40|0|0|1
1763563106000|2025-11-19 22:38:26|/|1|0|1|0|30|0|0|1
1763563106000|2025-11-19 22:38:26|/api/departments|1|0|1|0|47|0|0|1
1763563106000|2025-11-19 22:38:26|__total_inbound_traffic__|11|0|11|0|38|0|0|0
1763563110000|2025-11-19 22:38:30|/api/auth/login|1|0|1|0|152|0|0|1
1763563110000|2025-11-19 22:38:30|login|1|0|1|0|112|0|0|0
1763563110000|2025-11-19 22:38:30|__total_inbound_traffic__|1|0|1|0|152|0|0|0
1763563117000|2025-11-19 22:38:37|getMyAppointments|1|0|1|0|12|0|0|0
1763563117000|2025-11-19 22:38:37|/api/appointments/my-appointments|1|0|1|0|22|0|0|1
1763563117000|2025-11-19 22:38:37|__total_inbound_traffic__|1|0|1|0|22|0|0|0
1763563124000|2025-11-19 22:38:44|/api/schedules/available|1|0|1|0|55|0|0|1
1763563124000|2025-11-19 22:38:44|__total_inbound_traffic__|1|0|1|0|55|0|0|0
1763563130000|2025-11-19 22:38:50|/api/schedules/available|1|0|1|0|35|0|0|1
1763563130000|2025-11-19 22:38:50|__total_inbound_traffic__|1|0|1|0|35|0|0|0
1763563152000|2025-11-19 22:39:12|/api/doctors|1|0|1|0|26|0|0|1
1763563152000|2025-11-19 22:39:12|/**|5|0|5|0|25|0|0|1
1763563152000|2025-11-19 22:39:12|/api/departments|1|0|1|0|66|0|0|1
1763563152000|2025-11-19 22:39:12|__total_inbound_traffic__|7|0|7|0|31|0|0|0
1763563153000|2025-11-19 22:39:13|/error|1|0|1|0|17|0|0|1
1763563153000|2025-11-19 22:39:13|__total_inbound_traffic__|1|0|1|0|17|0|0|0
1763563154000|2025-11-19 22:39:14|/api/auth/logout|1|0|1|0|99|0|0|1
1763563154000|2025-11-19 22:39:14|logout|1|0|1|0|29|0|0|0
1763563154000|2025-11-19 22:39:14|__total_inbound_traffic__|1|0|1|0|99|0|0|0
1763563156000|2025-11-19 22:39:16|/error|1|0|1|0|17|0|0|1
1763563156000|2025-11-19 22:39:16|/api/doctors|1|0|1|0|16|0|0|1
1763563156000|2025-11-19 22:39:16|/**|4|0|4|0|16|0|0|1
1763563156000|2025-11-19 22:39:16|/|1|0|1|0|42|0|0|1
1763563156000|2025-11-19 22:39:16|/api/departments|1|0|1|0|135|0|0|1
1763563156000|2025-11-19 22:39:16|__total_inbound_traffic__|8|0|8|0|34|0|0|0
1763563158000|2025-11-19 22:39:18|/error|1|0|1|0|22|0|0|1
1763563158000|2025-11-19 22:39:18|/**|4|0|4|0|23|0|0|1
1763563158000|2025-11-19 22:39:18|__total_inbound_traffic__|5|0|5|0|22|0|0|0
1763563170000|2025-11-19 22:39:30|/api/auth/login|1|0|1|0|140|0|0|1
1763563170000|2025-11-19 22:39:30|login|1|0|1|0|124|0|0|0
1763563170000|2025-11-19 22:39:30|__total_inbound_traffic__|1|0|1|0|140|0|0|0
1763563171000|2025-11-19 22:39:31|/**|4|0|4|0|31|0|0|1
1763563171000|2025-11-19 22:39:31|/|1|0|1|0|18|0|0|1
1763563171000|2025-11-19 22:39:31|/api/departments|1|0|0|0|0|0|0|1
1763563171000|2025-11-19 22:39:31|__total_inbound_traffic__|6|0|5|0|29|0|0|0
1763563172000|2025-11-19 22:39:32|/error|1|0|1|0|22|0|0|1
1763563172000|2025-11-19 22:39:32|/api/doctors|1|0|1|0|105|0|0|1
1763563172000|2025-11-19 22:39:32|/api/departments|0|0|1|0|56|0|0|1
1763563172000|2025-11-19 22:39:32|__total_inbound_traffic__|2|0|3|0|61|0|0|0
1763563178000|2025-11-19 22:39:38|getMyAppointments|2|0|2|0|8|0|0|0
1763563178000|2025-11-19 22:39:38|/error|1|0|1|0|3|0|0|1
1763563178000|2025-11-19 22:39:38|/api/appointments/my-appointments|2|0|2|0|9|0|0|1
1763563178000|2025-11-19 22:39:38|/**|4|0|4|0|15|0|0|1
1763563178000|2025-11-19 22:39:38|__total_inbound_traffic__|7|0|7|0|11|0|0|0
1763563184000|2025-11-19 22:39:44|/error|1|0|1|0|9|0|0|1
1763563184000|2025-11-19 22:39:44|/**|5|0|5|0|28|0|0|1
1763563184000|2025-11-19 22:39:44|/api/departments|1|0|1|0|40|0|0|1
1763563184000|2025-11-19 22:39:44|__total_inbound_traffic__|7|0|7|0|27|0|0|0
1763563188000|2025-11-19 22:39:48|/api/doctors/department/{departmentId}|1|0|1|0|31|0|0|1
1763563188000|2025-11-19 22:39:48|__total_inbound_traffic__|1|0|1|0|31|0|0|0
1763563191000|2025-11-19 22:39:51|/api/schedules/doctor/{doctorId}|1|0|1|0|36|0|0|1
1763563191000|2025-11-19 22:39:51|__total_inbound_traffic__|1|0|1|0|36|0|0|0
1763563197000|2025-11-19 22:39:57|/error|1|0|1|0|10|0|0|1
1763563197000|2025-11-19 22:39:57|__total_inbound_traffic__|1|0|1|0|10|0|0|0
1763563199000|2025-11-19 22:39:59|/error|3|0|3|0|4|0|0|1
1763563199000|2025-11-19 22:39:59|/**|4|0|4|0|14|0|0|1
1763563199000|2025-11-19 22:39:59|__total_inbound_traffic__|7|0|7|0|9|0|0|0
1763563204000|2025-11-19 22:40:04|/error|1|0|1|0|3|0|0|1
1763563204000|2025-11-19 22:40:04|/**|5|0|5|0|30|0|0|1
1763563204000|2025-11-19 22:40:04|/api/departments|1|0|1|0|72|0|0|1
1763563204000|2025-11-19 22:40:04|__total_inbound_traffic__|7|0|7|0|32|0|0|0
1763563206000|2025-11-19 22:40:06|/error|4|0|4|0|5|0|0|1
1763563206000|2025-11-19 22:40:06|/api/doctors|1|0|1|0|39|0|0|1
1763563206000|2025-11-19 22:40:06|/**|8|0|8|0|9|0|0|1
1763563206000|2025-11-19 22:40:06|/|1|0|1|0|8|0|0|1
1763563206000|2025-11-19 22:40:06|/api/departments|1|0|1|0|25|0|0|1
1763563206000|2025-11-19 22:40:06|__total_inbound_traffic__|15|0|15|0|11|0|0|0
1763563207000|2025-11-19 22:40:07|/error|1|0|1|0|6|0|0|1
1763563207000|2025-11-19 22:40:07|/api/doctors|1|0|1|0|9|0|0|1
1763563207000|2025-11-19 22:40:07|/**|8|0|8|0|13|0|0|1
1763563207000|2025-11-19 22:40:07|/|1|0|1|0|9|0|0|1
1763563207000|2025-11-19 22:40:07|/api/departments|1|0|1|0|41|0|0|1
1763563207000|2025-11-19 22:40:07|__total_inbound_traffic__|12|0|12|0|14|0|0|0
1763563208000|2025-11-19 22:40:08|/error|1|0|1|0|1|0|0|1
1763563208000|2025-11-19 22:40:08|/api/doctors|1|0|1|0|22|0|0|1
1763563208000|2025-11-19 22:40:08|/**|4|0|4|0|9|0|0|1
1763563208000|2025-11-19 22:40:08|/|1|0|1|0|27|0|0|1
1763563208000|2025-11-19 22:40:08|/api/departments|1|0|1|0|31|0|0|1
1763563208000|2025-11-19 22:40:08|__total_inbound_traffic__|8|0|8|0|14|0|0|0
1763563209000|2025-11-19 22:40:09|/error|4|0|4|0|1|0|0|1
1763563209000|2025-11-19 22:40:09|/**|9|0|9|0|3|0|0|1
1763563209000|2025-11-19 22:40:09|/api/departments|1|0|1|0|7|0|0|1
1763563209000|2025-11-19 22:40:09|__total_inbound_traffic__|14|0|14|0|3|0|0|0
1763563210000|2025-11-19 22:40:10|/**|5|0|5|0|13|0|0|1
1763563210000|2025-11-19 22:40:10|/api/departments|1|0|1|0|21|0|0|1
1763563210000|2025-11-19 22:40:10|__total_inbound_traffic__|6|0|6|0|14|0|0|0
1763563211000|2025-11-19 22:40:11|/error|1|0|1|0|3|0|0|1
1763563211000|2025-11-19 22:40:11|__total_inbound_traffic__|1|0|1|0|3|0|0|0
1763563212000|2025-11-19 22:40:12|/error|3|0|3|0|2|0|0|1
1763563212000|2025-11-19 22:40:12|/**|4|0|4|0|9|0|0|1
1763563212000|2025-11-19 22:40:12|__total_inbound_traffic__|7|0|7|0|6|0|0|0
1763563213000|2025-11-19 22:40:13|/**|4|0|4|0|9|0|0|1
1763563213000|2025-11-19 22:40:13|__total_inbound_traffic__|4|0|4|0|9|0|0|0
1763563214000|2025-11-19 22:40:14|/error|3|0|3|0|2|0|0|1
1763563214000|2025-11-19 22:40:14|__total_inbound_traffic__|3|0|3|0|2|0|0|0
1763563314000|2025-11-19 22:41:54|/error|1|0|1|0|16|0|0|1
1763563314000|2025-11-19 22:41:54|/api/doctors|1|0|1|0|44|0|0|1
1763563314000|2025-11-19 22:41:54|/**|8|0|8|0|10|0|0|1
1763563314000|2025-11-19 22:41:54|/|1|0|1|0|28|0|0|1
1763563314000|2025-11-19 22:41:54|/api/departments|1|0|1|0|48|0|0|1
1763563314000|2025-11-19 22:41:54|__total_inbound_traffic__|12|0|12|0|18|0|0|0
1763563355000|2025-11-19 22:42:35|/error|1|0|0|0|0|0|0|1
1763563355000|2025-11-19 22:42:35|__total_inbound_traffic__|1|0|0|0|0|0|0|0
1763563356000|2025-11-19 22:42:36|/error|1|0|2|0|143|0|0|1
1763563356000|2025-11-19 22:42:36|__total_inbound_traffic__|1|0|2|0|143|0|0|0
1763563562000|2025-11-19 22:46:02|getMyAppointments|1|0|0|0|0|0|0|0
1763563562000|2025-11-19 22:46:02|/api/auth/login|1|0|1|0|280|0|0|1
1763563562000|2025-11-19 22:46:02|/api/appointments/my-appointments|1|0|0|0|0|0|0|1
1763563562000|2025-11-19 22:46:02|login|1|0|1|0|247|0|0|0
1763563562000|2025-11-19 22:46:02|__total_inbound_traffic__|2|0|1|0|280|0|0|0
1763563563000|2025-11-19 22:46:03|getMyAppointments|0|0|1|0|31|0|0|0
1763563563000|2025-11-19 22:46:03|/api/doctors|1|0|1|0|25|0|0|1
1763563563000|2025-11-19 22:46:03|/api/appointments/my-appointments|0|0|1|0|39|0|0|1
1763563563000|2025-11-19 22:46:03|/api/departments|1|0|1|0|7|0|0|1
1763563563000|2025-11-19 22:46:03|__total_inbound_traffic__|2|0|3|0|23|0|0|0
1763563631000|2025-11-19 22:47:11|/**|1|0|1|0|17|0|0|1
1763563631000|2025-11-19 22:47:11|__total_inbound_traffic__|1|0|1|0|17|0|0|0
1763563632000|2025-11-19 22:47:12|/error|2|0|2|0|6|0|0|1
1763563632000|2025-11-19 22:47:12|/**|3|0|3|0|7|0|0|1
1763563632000|2025-11-19 22:47:12|__total_inbound_traffic__|5|0|5|0|6|0|0|0
1763563636000|2025-11-19 22:47:16|/api/auth/logout|1|0|1|0|75|0|0|1
1763563636000|2025-11-19 22:47:16|logout|1|0|1|0|29|0|0|0
1763563636000|2025-11-19 22:47:16|__total_inbound_traffic__|1|0|1|0|75|0|0|0
1763563637000|2025-11-19 22:47:17|/**|4|0|4|0|8|0|0|1
1763563637000|2025-11-19 22:47:17|__total_inbound_traffic__|4|0|4|0|8|0|0|0
1763563649000|2025-11-19 22:47:29|/api/auth/login|1|0|1|0|137|0|0|1
1763563649000|2025-11-19 22:47:29|login|1|0|1|0|123|0|0|0
1763563649000|2025-11-19 22:47:29|__total_inbound_traffic__|1|0|1|0|137|0|0|0
1763563650000|2025-11-19 22:47:30|/api/doctors|1|0|1|0|27|0|0|1
1763563650000|2025-11-19 22:47:30|/**|4|0|4|0|9|0|0|1
1763563650000|2025-11-19 22:47:30|/|1|0|1|0|11|0|0|1
1763563650000|2025-11-19 22:47:30|/api/departments|1|0|1|0|18|0|0|1
1763563650000|2025-11-19 22:47:30|__total_inbound_traffic__|7|0|7|0|13|0|0|0
1763563653000|2025-11-19 22:47:33|/**|5|0|5|0|15|0|0|1
1763563653000|2025-11-19 22:47:33|/api/departments|1|0|0|0|0|0|0|1
1763563653000|2025-11-19 22:47:33|__total_inbound_traffic__|6|0|5|0|15|0|0|0
1763563654000|2025-11-19 22:47:34|/api/departments|0|0|1|0|61|0|0|1
1763563654000|2025-11-19 22:47:34|__total_inbound_traffic__|0|0|1|0|61|0|0|0
1763563656000|2025-11-19 22:47:36|getMyAppointments|2|0|2|0|4|0|0|0
1763563656000|2025-11-19 22:47:36|/api/appointments/my-appointments|2|0|2|0|8|0|0|1
1763563656000|2025-11-19 22:47:36|/**|4|0|4|0|7|0|0|1
1763563656000|2025-11-19 22:47:36|__total_inbound_traffic__|6|0|6|0|7|0|0|0
1763563825000|2025-11-19 22:50:25|/error|2|0|2|0|28|0|0|1
1763563825000|2025-11-19 22:50:25|__total_inbound_traffic__|2|0|2|0|28|0|0|0
1763563827000|2025-11-19 22:50:27|/error|4|0|4|0|10|0|0|1
1763563827000|2025-11-19 22:50:27|/api/doctors|1|0|1|0|32|0|0|1
1763563827000|2025-11-19 22:50:27|/**|8|0|8|0|13|0|0|1
1763563827000|2025-11-19 22:50:27|/|1|0|1|0|38|0|0|1
1763563827000|2025-11-19 22:50:27|/api/departments|1|0|1|0|107|0|0|1
1763563827000|2025-11-19 22:50:27|__total_inbound_traffic__|15|0|15|0|21|0|0|0
1763563828000|2025-11-19 22:50:28|/error|1|0|1|0|2|0|0|1
1763563828000|2025-11-19 22:50:28|/api/doctors|1|0|1|0|45|0|0|1
1763563828000|2025-11-19 22:50:28|/**|4|0|4|0|17|0|0|1
1763563828000|2025-11-19 22:50:28|/|1|0|1|0|8|0|0|1
1763563828000|2025-11-19 22:50:28|/api/departments|1|0|1|0|21|0|0|1
1763563828000|2025-11-19 22:50:28|__total_inbound_traffic__|8|0|8|0|18|0|0|0
