1765518732000|2025-12-12 13:52:12|/api/auth/login|2|0|1|0|383|0|0|1
1765518732000|2025-12-12 13:52:12|login|2|0|1|0|343|0|0|0
1765518732000|2025-12-12 13:52:12|__total_inbound_traffic__|2|0|1|0|383|0|0|0
1765518733000|2025-12-12 13:52:13|/error|1|0|1|0|4|0|0|1
1765518733000|2025-12-12 13:52:13|/api/auth/login|0|0|1|0|84|0|0|1
1765518733000|2025-12-12 13:52:13|login|0|0|1|0|82|0|0|0
1765518733000|2025-12-12 13:52:13|__total_inbound_traffic__|1|0|2|0|44|0|0|0
1765518754000|2025-12-12 13:52:34|/api/auth/login|2|0|2|0|128|0|0|1
1765518754000|2025-12-12 13:52:34|/api/appointments|1|0|1|0|9|0|0|1
1765518754000|2025-12-12 13:52:34|createAppointment|1|0|1|1|1|0|0|0
1765518754000|2025-12-12 13:52:34|login|2|0|2|0|120|0|0|0
1765518754000|2025-12-12 13:52:34|__total_inbound_traffic__|3|0|3|0|88|0|0|0
1765518805000|2025-12-12 13:53:25|/api/auth/login|1|0|0|0|0|0|0|1
1765518805000|2025-12-12 13:53:25|login|1|0|0|0|0|0|0|0
1765518805000|2025-12-12 13:53:25|__total_inbound_traffic__|1|0|0|0|0|0|0|0
1765518806000|2025-12-12 13:53:26|/error|1|0|1|0|4|0|0|1
1765518806000|2025-12-12 13:53:26|/api/auth/login|1|0|2|0|97|0|0|1
1765518806000|2025-12-12 13:53:26|login|1|0|2|0|92|0|0|0
1765518806000|2025-12-12 13:53:26|__total_inbound_traffic__|2|0|3|0|66|0|0|0
