1763562838000|2025-11-19 22:33:58|/api/auth/login|1|0|1|0|408|0|0|1
1763562838000|2025-11-19 22:33:58|login|1|0|1|0|326|0|0|0
1763562838000|2025-11-19 22:33:58|__total_inbound_traffic__|1|0|1|0|408|0|0|0
1763562842000|2025-11-19 22:34:02|/api/auth/register|1|0|0|0|0|0|0|1
1763562842000|2025-11-19 22:34:02|register|1|0|0|0|0|0|0|0
1763562842000|2025-11-19 22:34:02|__total_inbound_traffic__|1|0|0|0|0|0|0|0
1763562843000|2025-11-19 22:34:03|/api/auth/register|0|0|1|0|296|0|0|1
1763562843000|2025-11-19 22:34:03|register|0|0|1|0|272|0|0|0
1763562843000|2025-11-19 22:34:03|__total_inbound_traffic__|0|0|1|0|296|0|0|0
1763562847000|2025-11-19 22:34:07|getMyAppointments|1|0|1|1|6|0|0|0
1763562847000|2025-11-19 22:34:07|/api/appointments/my-appointments|1|0|1|0|18|0|0|1
1763562847000|2025-11-19 22:34:07|__total_inbound_traffic__|1|0|1|0|18|0|0|0
