1765518085000|2025-12-12 13:41:25|/error|1|0|1|0|36|0|0|1
1765518085000|2025-12-12 13:41:25|__total_inbound_traffic__|1|0|1|0|36|0|0|0
1765518094000|2025-12-12 13:41:34|/api/auth/login|1|0|1|0|522|0|0|1
1765518094000|2025-12-12 13:41:34|login|1|0|1|0|446|0|0|0
1765518094000|2025-12-12 13:41:34|__total_inbound_traffic__|1|0|1|0|522|0|0|0
1765518113000|2025-12-12 13:41:53|/api/auth/login|1|0|1|0|248|0|0|1
1765518113000|2025-12-12 13:41:53|login|1|0|1|0|222|0|0|0
1765518113000|2025-12-12 13:41:53|__total_inbound_traffic__|1|0|1|0|248|0|0|0
1765518123000|2025-12-12 13:42:03|/api/appointments|1|0|1|0|25|0|0|1
1765518123000|2025-12-12 13:42:03|createAppointment|1|0|1|1|10|0|0|0
1765518123000|2025-12-12 13:42:03|__total_inbound_traffic__|1|0|1|0|25|0|0|0
1765518204000|2025-12-12 13:43:24|/error|1|0|1|0|7|0|0|1
1765518204000|2025-12-12 13:43:24|/api/auth/login|1|0|1|0|116|0|0|1
1765518204000|2025-12-12 13:43:24|login|1|0|1|0|109|0|0|0
1765518204000|2025-12-12 13:43:24|__total_inbound_traffic__|2|0|2|0|61|0|0|0
