1763562638000|2025-11-19 22:30:38|/api/schedules|1|0|0|0|0|0|0|1
1763562638000|2025-11-19 22:30:38|__total_inbound_traffic__|1|0|0|0|0|0|0|0
1763562639000|2025-11-19 22:30:39|/api/schedules|0|0|1|0|377|0|0|1
1763562639000|2025-11-19 22:30:39|__total_inbound_traffic__|0|0|1|0|377|0|0|0
1763562642000|2025-11-19 22:30:42|/error|1|0|1|0|22|0|0|1
1763562642000|2025-11-19 22:30:42|__total_inbound_traffic__|1|0|1|0|22|0|0|0
1763562659000|2025-11-19 22:30:59|/api/auth/register|1|0|0|0|0|0|0|1
1763562659000|2025-11-19 22:30:59|__total_inbound_traffic__|1|0|0|0|0|0|0|0
1763562660000|2025-11-19 22:31:00|/api/auth/register|0|0|1|0|606|0|0|1
1763562660000|2025-11-19 22:31:00|register|1|0|1|0|528|0|0|0
1763562660000|2025-11-19 22:31:00|__total_inbound_traffic__|0|0|1|0|606|0|0|0
1763562665000|2025-11-19 22:31:05|getAllAppointments|1|0|1|1|11|0|0|0
1763562665000|2025-11-19 22:31:05|/api/appointments|1|0|1|0|20|0|0|1
1763562665000|2025-11-19 22:31:05|__total_inbound_traffic__|1|0|1|0|20|0|0|0
1763562669000|2025-11-19 22:31:09|getAllAppointments|1|0|1|1|5|0|0|0
1763562669000|2025-11-19 22:31:09|/api/appointments|1|0|1|0|8|0|0|1
1763562669000|2025-11-19 22:31:09|__total_inbound_traffic__|1|0|1|0|8|0|0|0
1763562679000|2025-11-19 22:31:19|getMyAppointments|1|0|1|1|2|0|0|0
1763562679000|2025-11-19 22:31:19|/api/appointments/my-appointments|1|0|1|0|14|0|0|1
1763562679000|2025-11-19 22:31:19|__total_inbound_traffic__|1|0|1|0|14|0|0|0
1763562691000|2025-11-19 22:31:31|/error|1|0|1|0|23|0|0|1
1763562691000|2025-11-19 22:31:31|__total_inbound_traffic__|1|0|1|0|23|0|0|0
1763562702000|2025-11-19 22:31:42|/api/auth/register|1|0|0|0|0|0|0|1
1763562702000|2025-11-19 22:31:42|register|1|0|0|0|0|0|0|0
1763562702000|2025-11-19 22:31:42|__total_inbound_traffic__|1|0|0|0|0|0|0|0
1763562703000|2025-11-19 22:31:43|/api/auth/register|0|0|1|0|340|0|0|1
1763562703000|2025-11-19 22:31:43|register|0|0|1|0|315|0|0|0
1763562703000|2025-11-19 22:31:43|__total_inbound_traffic__|0|0|1|0|340|0|0|0
1763562708000|2025-11-19 22:31:48|/error|1|0|1|0|6|0|0|1
1763562708000|2025-11-19 22:31:48|__total_inbound_traffic__|1|0|1|0|6|0|0|0
1763562715000|2025-11-19 22:31:55|/api/auth/login|1|0|1|0|31|0|0|1
1763562715000|2025-11-19 22:31:55|login|1|0|1|0|9|0|0|0
1763562715000|2025-11-19 22:31:55|__total_inbound_traffic__|1|0|1|0|31|0|0|0
1763562736000|2025-11-19 22:32:16|/api/auth/refresh-cache|1|0|1|0|176|0|0|1
1763562736000|2025-11-19 22:32:16|refreshCache|1|0|1|0|56|0|0|0
1763562736000|2025-11-19 22:32:16|__total_inbound_traffic__|1|0|1|0|176|0|0|0
1763562740000|2025-11-19 22:32:20|/api/auth/login|1|0|1|0|20|0|0|1
1763562740000|2025-11-19 22:32:20|login|1|0|1|0|8|0|0|0
1763562740000|2025-11-19 22:32:20|__total_inbound_traffic__|1|0|1|0|20|0|0|0
1763562754000|2025-11-19 22:32:34|/**|1|0|1|0|73|0|0|1
1763562754000|2025-11-19 22:32:34|__total_inbound_traffic__|1|0|1|0|73|0|0|0
1763562758000|2025-11-19 22:32:38|/api/auth/login|1|0|1|0|20|0|0|1
1763562758000|2025-11-19 22:32:38|login|1|0|1|0|6|0|0|0
1763562758000|2025-11-19 22:32:38|__total_inbound_traffic__|1|0|1|0|20|0|0|0
