1765518975000|2025-12-12 13:56:15|/api/auth/login|1|0|1|0|521|0|0|1
1765518975000|2025-12-12 13:56:15|login|1|0|1|0|416|0|0|0
1765518975000|2025-12-12 13:56:15|__total_inbound_traffic__|1|0|1|0|521|0|0|0
1765518990000|2025-12-12 13:56:30|/api/appointments|1|0|1|0|63|0|0|1
1765518990000|2025-12-12 13:56:30|createAppointment|1|0|1|0|44|0|0|0
1765518990000|2025-12-12 13:56:30|__total_inbound_traffic__|1|0|1|0|63|0|0|0
1765519002000|2025-12-12 13:56:42|/api/auth/login|1|0|0|0|0|0|0|1
1765519002000|2025-12-12 13:56:42|login|1|0|0|0|0|0|0|0
1765519002000|2025-12-12 13:56:42|__total_inbound_traffic__|1|0|0|0|0|0|0|0
1765519003000|2025-12-12 13:56:43|/api/auth/login|0|0|1|0|115|0|0|1
1765519003000|2025-12-12 13:56:43|login|0|0|1|0|102|0|0|0
1765519003000|2025-12-12 13:56:43|__total_inbound_traffic__|0|0|1|0|115|0|0|0
1765519014000|2025-12-12 13:56:54|/api/appointments|1|0|1|0|33|0|0|1
1765519014000|2025-12-12 13:56:54|createAppointment|1|0|1|0|25|0|0|0
1765519014000|2025-12-12 13:56:54|__total_inbound_traffic__|1|0|1|0|33|0|0|0
1765519201000|2025-12-12 14:00:01|/api/doctors|1|0|1|0|118|0|0|1
1765519201000|2025-12-12 14:00:01|__total_inbound_traffic__|1|0|1|0|118|0|0|0
